mower
94 670 0
station
550 446 0
lawn
12.0 285.0 0
224.0 41.0 0
633.0 38.0 0
789.0 341.0 0
446.0 348.0 0
416.0 449.0 0
398.0 532.0 0
402.0 627.0 0
510.0 627.0 0
511.0 580.0 0
507.0 534.0 0
443.0 533.0 0
450.0 444.0 0
477.0 396.0 0
518.0 367.0 0
578.0 363.0 0
659.0 361.0 0
730.0 360.0 0
764.0 358.0 0
780.0 362.0 0
788.0 456.0 0
783.0 503.0 0
783.0 532.0 0
728.0 532.0 0
697.0 530.0 0
665.0 529.0 0
665.0 501.0 0
667.0 465.0 0
702.0 456.0 0
710.0 432.0 0
682.0 435.0 0
633.0 455.0 0
608.0 480.0 0
599.0 496.0 0
598.0 513.0 0
598.0 532.0 0
601.0 648.0 0
633.0 649.0 0
628.0 548.0 0
791.0 549.0 0
790.0 750.0 0
289.0 753.0 0
284.0 667.0 0
282.0 609.0 0
278.0 550.0 0
275.0 496.0 0
277.0 437.0 0
282.0 385.0 0
299.0 339.0 0
327.0 293.0 0
374.0 227.0 0
625.0 235.0 0
555.0 132.0 0
389.0 193.0 0
353.0 220.0 0
316.0 257.0 0
285.0 303.0 0
267.0 333.0 0
254.0 386.0 0
109.0 391.0 0
110.0 439.0 0
253.0 434.0 0
254.0 509.0 0
250.0 554.0 0
114.0 547.0 0
116.0 614.0 0
257.0 615.0 0
258.0 746.0 0
11.0 746.0 0