72.0 268.0
167.0 289.0
153.0 677.0
56.4049222481 676.071201175
48.0 896.0
629.0 886.0
581.0 547.0
415.0 520.0
352.0 61.0
64.0 59.0
45.0 286.0
167.0 289.0
153.0 677.0
49.0 676.0
48.0 896.0
53.0545454545 884.0
623.716814159 884.0
621.592920354 869.0
53.1227272727 869.0
53.1909090909 854.0
619.469026549 854.0
617.345132743 839.0
53.2590909091 839.0
53.3272727273 824.0
615.221238938 824.0
526.814814815 539.0
161.556701031 539.0
161.170103093 554.0
576.991150442 554.0
579.115044248 569.0
160.783505155 569.0
160.396907216 584.0
581.238938053 584.0
583.362831858 599.0
160.010309278 599.0
159.62371134 614.0
585.486725664 614.0
587.610619469 629.0
159.237113402 629.0
158.850515464 644.0
589.734513274 644.0
591.85840708 659.0
158.463917526 659.0
158.077319588 674.0
593.982300885 674.0
53.9409090909 689.0
596.10619469 689.0
598.230088496 704.0
53.8727272727 704.0
53.8045454545 719.0
600.353982301 719.0
602.477876106 734.0
53.7363636364 734.0
53.6681818182 749.0
604.601769912 749.0
606.725663717 764.0
53.6 764.0
53.3954545455 809.0
613.097345133 809.0
610.973451327 794.0
53.4636363636 794.0
53.5318181818 779.0
608.849557522 779.0
67.7444933921 74.0
348.784313725 74.0
350.843137255 89.0
66.4889867841 89.0
65.2334801762 104.0
352.901960784 104.0
354.960784314 119.0
63.9779735683 119.0
62.7224669604 134.0
357.019607843 134.0
359.078431373 149.0
61.4669603524 149.0
60.2114537445 164.0
361.137254902 164.0
363.196078431 179.0
58.9559471366 179.0
57.7004405286 194.0
365.254901961 194.0
367.31372549 209.0
56.4449339207 209.0
55.1894273128 224.0
369.37254902 224.0
371.431372549 239.0
53.9339207048 239.0
52.6784140969 254.0
373.490196078 254.0
375.549019608 269.0
51.422907489 269.0
50.1674008811 284.0
377.607843137 284.0
167.742268041 299.0
379.666666667 299.0
381.725490196 314.0
167.355670103 314.0
166.969072165 329.0
383.784313725 329.0
385.843137255 344.0
166.582474227 344.0
166.195876289 359.0
387.901960784 359.0
389.960784314 374.0
165.809278351 374.0
165.422680412 389.0
392.019607843 389.0
394.078431373 404.0
165.036082474 404.0
164.649484536 419.0
396.137254902 419.0
398.196078431 434.0
164.262886598 434.0
163.87628866 449.0
400.254901961 449.0
402.31372549 464.0
163.489690722 464.0
163.103092784 479.0
404.37254902 479.0
406.431372549 494.0
162.716494845 494.0
434.592592593 524.0
161.943298969 524.0
162.329896907 509.0
408.490196078 509.0
324.0 619.0
